0,325
27,2
30,4
26,5
26,4
28,3
28,1
28,4
27,4
25,4
25,1
25,3
45,35
27,5
27,1
27,3
26,1
26,3
30,5
30,1
30,3
24,4
24,1
24,3
23,3
32,77
32,76
32,75
32,74
32,73
32,72
32,71
32,68
32,67
32,65
32,64
32,69
32,66
32,6
3,2
41,3
41,2
41,1
41,0
40,4
40,3
40,2
40,1
40,0
38,3
38,2
38,1
38,0
37,6
37,5
37,4
37,3
37,2
37,1
37,0
36,4
36,3
12,1
36,2
12,3
36,1
36,0
34,14
34,12
34,11
34,9
34,8
34,7
34,6
34,5
34,4
34,3
34,2
34,1
34,0
33,5
33,4
33,3
33,2
33,1
32,127
32,126
32,125
32,124
32,123
32,122
32,121
32,120
32,119
32,118
32,117
32,116
32,115
32,114
32,113
32,112
32,111
32,110
32,109
32,108
32,107
32,106
32,105
32,104
32,103
32,102
32,101
32,100
32,99
32,98
32,97
32,96
32,95
32,94
32,93
32,92
32,91
32,90
32,89
32,88
32,87
32,86
32,85
